taille_arbre
71
93
83
85
81
87
91
86
84
80
79
89
76
95
70
86
87
87
74
83
75
80
86
83
111
89
85
77
87
73
88
73
85
84
81
92
86
81
91
92
91
95
98
87
87
85
81
94
87
99
74
79
65
85
71
61
93
87
75
100
70
83
82
76
81
84
88
80
81
90
88
88
78
102
90
84
61
88
65
78
74
78
86
68
91
91
78
93
82
87
92
81
68
76
95
78
74
84
74
70
79
93
84
98
74
83
84
87
76
87
85
81
67
88
76
84
81
87
76
95
65
66
79
73
92
93
78
78
77
80
75
87
71
85
77
78
77
85
89
78
84
85
101
81
87
74
92
106
70
89
80
71
95
85
93
84
79
87
60
78
76
72
89
72
87
83
67
93
87
86
62
92
91
97
91
96
86
82
90
83
66
76
82
88
87
84
90
83
69
84
83
89
80
95
78
73
77
77
63
89
101
96
87
88
63
79
86
85
92
105
79
86
84
69
100
86
76
81
78
77
83
92
59
71
72
82
74
96
76
81
92
59
79
87
83
92
95
83
63
91
106
61
74
80
82
84
85
64
72
88
77
78
76
81
71
77
84
81
77
74
75
87
73
82
83
87
85
72
93
89
71
77
91
83
84
74
66
87
76
76
75
80
71
86
83
80
83
71
92
77
69
75
86
103
71
84
99
88
82
80
75
74
78
76
88
83
80
83
86
73
81
77
93
67
75
75
78
74
80
77
84
85
94
79
81
83
74
86
78
73
77
81
78
93
87
98
73
98
84
77
95
86
91
77
92
94
84
91
77
74
85
96
92
70
90
79
83
77
93
75
76
83
75
85
86
94
67
78
87
87
84
81
79
90
83
75
83
80
80
81
74
80
85
80
88
81
90
71
79
83
77
70
64
81
88
81
88
89
71
72
85
65
89
102
86
89
88
85
90
85
93
81
78
74
77
85
94
87
67
84
92
93
80
78
81
88
74
98
84
76
89
82
80
92
85
74
76
80
83
85
80
79
93
79
79
81
98
85
82
71
103
82
85
79
90
101
80
82
87
79
98
83
79
68
88
76
76
83
85
66
73
77
96
91
77
92
85
78
63
78
86
83
91
72
68
90
78
103
83
68
94
80
89
94
77
88
84
83
64
68